notebooks/fake_SN.ecsv
# %ECSV 1.0
# ---
# datatype:
# - {name: jd, datatype: float64, unit: day}
# - {name: magpsf, datatype: float64, unit: mag}
# - {name: sigmapsf, datatype: float64, unit: mag}
# - {name: fid, datatype: int32}
# - {name: l, datatype: float64, unit: deg}
# - {name: b, datatype: float64, unit: deg}
# - {name: W1mag, datatype: float64, unit: mag}
# - {name: W2mag, datatype: float64, unit: mag}
# - {name: W3mag, datatype: float64, unit: mag}
# - {name: W4mag, datatype: float64, unit: mag}
# - {name: W1_minus_W3, datatype: float64, unit: mag}
# - {name: W2_minus_W3, datatype: float64, unit: mag}
# meta:
#   class_simulated: SNIa
#   sky: 20.30
#   sgscore1: 0.02
#   sgscore2: 0.03
#   distpsnr1: 2.3
#   distpsnr2: 3.7
#   fwhm: 2.2
#   diffmaglim: 20.8
#   ndethist: 35
#   nmtchps: 1
#   drb: 0.00
#   ncovhist: 6
#   chinr: 1.02
#   sharpnr: 0.01
#   scorr: 0.99
#   sgmag1: 21.5
#   srmag1: 21.3
#   simag1: 21.2
#   szmag1: 21.6
#   sgmag2: 22.0
#   srmag2: 21.8
#   simag2: 21.7
#   szmag2: 22.1
# schema: astropy-2.0
# writerversion: astropy/5.2
# ...
jd magpsf sigmapsf fid l b W1mag W2mag W3mag W4mag W1_minus_W3 W2_minus_W3
2459000.5 23.75 0.12 1 150.230 2.110 12.34 12.80 11.10 10.50 1.24 1.70
2459000.5 26.70 0.12 2 150.230 2.110 12.34 12.80 11.10 10.50 1.24 1.70
2459000.5 30.15 0.12 3 150.230 2.110 12.34 12.80 11.10 10.50 1.24 1.70
2459002.5 21.50 0.12 1 150.230 2.110 12.34 12.80 11.10 10.50 1.24 1.70
2459002.5 23.95 0.12 2 150.230 2.110 12.34 12.80 11.10 10.50 1.24 1.70
2459002.5 26.90 0.12 3 150.230 2.110 12.34 12.80 11.10 10.50 1.24 1.70
2459004.5 19.75 0.12 1 150.230 2.110 12.34 12.80 11.10 10.50 1.24 1.70
2459004.5 21.70 0.12 2 150.230 2.110 12.34 12.80 11.10 10.50 1.24 1.70
2459004.5 24.15 0.12 3 150.230 2.110 12.34 12.80 11.10 10.50 1.24 1.70
2459006.5 18.50 0.06 1 150.230 2.110 12.34 12.80 11.10 10.50 1.24 1.70
2459006.5 19.95 0.12 2 150.230 2.110 12.34 12.80 11.10 10.50 1.24 1.70
2459006.5 21.90 0.12 3 150.230 2.110 12.34 12.80 11.10 10.50 1.24 1.70
2459008.5 17.75 0.03 1 150.230 2.110 12.34 12.80 11.10 10.50 1.24 1.70
2459008.5 18.70 0.06 2 150.230 2.110 12.34 12.80 11.10 10.50 1.24 1.70
2459008.5 20.15 0.12 3 150.230 2.110 12.34 12.80 11.10 10.50 1.24 1.70
2459010.5 17.50 0.03 1 150.230 2.110 12.34 12.80 11.10 10.50 1.24 1.70
2459010.5 17.95 0.03 2 150.230 2.110 12.34 12.80 11.10 10.50 1.24 1.70
2459010.5 18.90 0.06 3 150.230 2.110 12.34 12.80 11.10 10.50 1.24 1.70
2459012.5 17.63 0.03 1 150.230 2.110 12.34 12.80 11.10 10.50 1.24 1.70
2459012.5 17.70 0.03 2 150.230 2.110 12.34 12.80 11.10 10.50 1.24 1.70
2459012.5 18.15 0.06 3 150.230 2.110 12.34 12.80 11.10 10.50 1.24 1.70
2459014.5 17.77 0.03 1 150.230 2.110 12.34 12.80 11.10 10.50 1.24 1.70
2459014.5 17.81 0.03 2 150.230 2.110 12.34 12.80 11.10 10.50 1.24 1.70
2459014.5 17.90 0.03 3 150.230 2.110 12.34 12.80 11.10 10.50 1.24 1.70
2459018.5 18.03 0.06 1 150.230 2.110 12.34 12.80 11.10 10.50 1.24 1.70
2459018.5 18.03 0.06 2 150.230 2.110 12.34 12.80 11.10 10.50 1.24 1.70
2459018.5 18.10 0.03 3 150.230 2.110 12.34 12.80 11.10 10.50 1.24 1.70
2459024.5 18.43 0.06 1 150.230 2.110 12.34 12.80 11.10 10.50 1.24 1.70
2459024.5 18.37 0.06 2 150.230 2.110 12.34 12.80 11.10 10.50 1.24 1.70
2459024.5 18.40 0.06 3 150.230 2.110 12.34 12.80 11.10 10.50 1.24 1.70
2459030.5 18.83 0.06 1 150.230 2.110 12.34 12.80 11.10 10.50 1.24 1.70
2459030.5 18.70 0.06 2 150.230 2.110 12.34 12.80 11.10 10.50 1.24 1.70
2459030.5 18.70 0.06 3 150.230 2.110 12.34 12.80 11.10 10.50 1.24 1.70
2459040.5 19.50 0.12 1 150.230 2.110 12.34 12.80 11.10 10.50 1.24 1.70
2459040.5 19.26 0.12 2 150.230 2.110 12.34 12.80 11.10 10.50 1.24 1.70
2459040.5 19.20 0.12 3 150.230 2.110 12.34 12.80 11.10 10.50 1.24 1.70
